( P /\ T, N /\ T, P /\ N, SummaryLen, #sentences)
( 6,6,3,9.0,18 )
( 5,5,3,12.0,24 )
( 3,5,2,8.0,16 )
( 5,5,6,10.0,20 )
( 3,4,4,7.0,15 )
( 7,8,6,14.0,28 )
( 6,8,5,11.0,22 )
( 4,4,4,10.0,20 )
( 4,3,4,6.0,12 )
( 1,2,1,4.0,9 )
( 1,1,1,3.0,7 )
( 1,1,1,1.0,2 )
( 2,2,3,3.0,6 )
( 1,1,1,1.0,2 )
( 3,4,3,5.0,11 )
( 1,1,0,2.0,5 )
( 7,6,7,11.0,22 )
( 5,5,4,8.0,17 )
( 4,8,3,10.0,20 )
( 3,5,3,8.0,17 )
( 5,3,6,9.0,19 )
( 4,6,6,9.0,18 )
( 2,3,1,6.0,12 )
( 4,2,2,5.0,11 )
( 1,3,2,5.0,10 )
( 9,7,8,14.0,28 )
( 2,2,1,4.0,9 )
( 4,3,3,9.0,19 )
( 4,5,4,5.0,10 )
( 2,2,1,4.0,8 )
( 2,2,2,4.0,8 )
( 1,2,1,4.0,8 )
( 6,6,4,14.0,28 )
( 10,5,5,13.0,27 )
( 5,7,5,11.0,23 )
( 6,8,5,11.0,22 )
( 8,8,5,11.0,22 )
( 4,5,4,7.0,15 )
( 6,4,4,8.0,16 )
( 6,4,4,8.0,16 )
( 4,3,1,7.0,15 )
( 5,6,5,11.0,22 )
( 4,5,5,8.0,16 )
( 2,2,2,4.0,9 )
( 6,6,6,12.0,25 )
( 5,4,4,9.0,18 )
( 7,8,6,13.0,27 )
( 5,3,6,8.0,17 )
( 9,8,4,13.0,27 )
( 2,6,2,7.0,15 )
( 6,6,6,9.0,18 )
( 2,2,1,3.0,7 )
( 3,4,3,7.0,15 )
( 1,2,0,3.0,7 )
( 1,3,3,5.0,11 )
( 2,0,1,3.0,7 )
( 9,7,8,14.0,29 )
( 8,12,7,14.0,29 )
( 1,2,1,4.0,9 )
( 2,3,1,4.0,9 )
( 6,6,5,13.0,26 )
( 6,5,2,12.0,25 )
( 6,6,7,12.0,24 )
( 6,6,5,12.0,25 )
( 6,12,7,14.0,28 )
( 4,2,3,6.0,12 )
( 2,4,4,7.0,14 )
( 5,3,3,10.0,21 )
( 5,3,6,8.0,17 )
( 7,4,6,10.0,21 )
( 9,8,4,13.0,27 )
( 7,7,5,14.0,28 )
( 5,4,4,8.0,17 )
( 2,1,2,3.0,6 )
( 3,4,1,6.0,13 )
( 7,8,4,13.0,26 )
( 4,1,1,4.0,9 )
( 3,5,4,10.0,21 )
( 1,4,2,7.0,15 )
( 3,1,1,4.0,8 )
( 3,6,5,8.0,17 )
( 3,3,2,6.0,12 )
( 2,2,2,4.0,9 )
( 4,5,3,10.0,21 )
( 3,2,2,3.0,6 )
( 5,9,5,13.0,27 )
( 1,3,2,5.0,10 )
( 7,3,3,10.0,21 )
( 3,2,1,4.0,8 )
( 3,3,2,4.0,8 )
( 9,10,6,13.0,26 )
( 4,2,4,7.0,15 )
( 4,5,3,7.0,14 )
( 7,5,4,11.0,22 )
( 5,4,4,9.0,18 )
( 1,2,3,5.0,11 )
( 3,9,3,10.0,20 )
( 6,8,6,13.0,26 )
( 6,5,5,10.0,21 )
( 6,5,5,8.0,17 )
( 5,5,3,10.0,20 )
( 2,6,2,8.0,17 )
( 6,5,6,11.0,23 )
( 3,3,0,7.0,15 )
( 6,8,5,13.0,26 )
( 5,10,5,13.0,26 )
( 5,3,3,7.0,14 )
( 6,4,3,10.0,21 )
( 4,6,2,8.0,17 )
( 3,2,2,6.0,13 )
( 2,2,1,4.0,8 )
( 4,6,4,9.0,18 )
( 4,3,2,7.0,15 )
( 1,1,2,3.0,7 )
( 0,2,1,3.0,7 )
( 7,6,7,14.0,28 )
( 7,8,6,14.0,28 )
( 5,10,6,14.0,28 )
( 5,4,5,7.0,14 )
( 5,4,5,8.0,16 )
( 6,3,4,7.0,14 )
( 6,5,4,8.0,16 )
( 5,4,2,9.0,19 )
( 5,2,2,7.0,15 )
( 3,5,4,6.0,12 )
( 4,6,5,8.0,17 )
( 7,6,6,12.0,25 )
( 7,6,6,12.0,25 )
( 7,8,6,12.0,25 )
( 3,5,3,6.0,13 )
( 5,6,4,8.0,16 )
( 8,11,7,14.0,28 )
( 6,6,5,10.0,20 )
( 4,4,3,8.0,16 )
( 4,5,3,7.0,15 )
( 4,3,3,10.0,21 )
( 1,2,0,3.0,6 )
( 4,3,4,9.0,19 )
( 8,9,8,13.0,26 )
( 1,1,1,3.0,6 )
( 5,4,3,6.0,12 )
( 3,4,3,6.0,12 )
( 2,3,2,4.0,8 )
( 1,1,1,3.0,6 )
( 4,8,5,12.0,24 )
( 6,6,5,11.0,22 )
( 6,7,4,11.0,22 )
( 5,6,5,12.0,25 )
( 5,2,1,6.0,12 )
( 5,2,1,6.0,12 )
( 4,2,2,6.0,12 )
( 3,2,3,4.0,9 )
( 3,2,3,4.0,9 )
( 3,2,2,4.0,8 )
( 7,8,5,13.0,27 )
( 6,7,4,12.0,24 )
( 10,9,8,14.0,29 )
( 6,7,4,10.0,20 )
( 4,5,4,10.0,21 )
( 3,2,4,8.0,16 )
( 3,4,3,9.0,18 )
( 3,3,2,5.0,11 )
( 3,1,3,7.0,14 )
( 2,1,2,4.0,9 )
( 3,1,1,4.0,9 )
( 4,5,4,9.0,18 )
( 4,4,2,7.0,14 )
( 5,4,3,7.0,14 )
( 6,9,5,12.0,24 )
( 3,3,4,7.0,15 )
( 8,5,4,12.0,24 )
( 2,1,1,2.0,4 )
( 2,6,2,7.0,15 )
( 3,2,2,4.0,8 )
( 2,3,2,3.0,7 )
( 8,7,4,13.0,26 )
( 2,5,3,6.0,13 )
( 3,5,4,7.0,14 )
( 4,3,4,8.0,17 )
( 2,2,1,3.0,7 )
( 3,3,2,5.0,10 )
( 3,3,2,5.0,10 )
( 3,3,2,7.0,15 )
( 0,0,0,0.0,1 )
( 3,4,3,6.0,12 )
( 3,4,5,8.0,16 )
( 3,4,3,7.0,14 )
( 0,1,0,1.0,2 )
( 5,7,6,12.0,24 )
( 6,5,6,14.0,29 )
( 6,6,4,13.0,27 )
( 6,4,4,8.0,16 )
( 0,1,1,2.0,4 )
( 3,6,4,11.0,23 )
( 9,8,6,14.0,29 )
( 7,4,2,10.0,21 )
( 7,7,5,13.0,27 )
( 4,5,3,9.0,19 )
( 0,1,1,2.0,4 )
( 4,3,3,7.0,14 )
( 1,3,1,4.0,9 )
( 3,2,1,4.0,9 )
( 3,3,2,6.0,13 )
( 5,5,3,8.0,16 )
( 7,8,6,13.0,26 )
( 8,6,6,14.0,28 )
( 8,3,4,13.0,27 )
( 6,7,5,12.0,24 )
( 9,10,8,12.0,24 )
( 5,7,4,11.0,23 )
( 7,11,5,14.0,29 )
( 1,2,1,2.0,5 )
( 4,3,3,8.0,16 )
( 6,6,5,10.0,20 )
( 4,6,4,9.0,19 )
( 4,4,3,8.0,16 )
( 1,6,2,8.0,17 )
( 5,7,4,11.0,23 )
( 3,3,2,6.0,12 )
( 3,3,5,9.0,19 )
( 3,5,4,7.0,14 )
( 6,10,5,13.0,27 )
( 5,8,7,13.0,27 )
( 5,6,5,10.0,20 )
( 4,7,5,9.0,19 )
( 5,5,3,9.0,18 )
( 2,5,2,7.0,15 )
( 4,6,5,9.0,18 )
( 5,9,5,13.0,27 )
( 5,3,3,9.0,19 )
( 4,10,4,12.0,24 )
( 7,6,5,13.0,27 )
( 7,6,3,10.0,20 )
( 3,3,1,6.0,13 )
( 2,1,1,3.0,7 )
( 7,5,3,10.0,21 )
( 7,5,3,10.0,21 )
( 1,3,0,4.0,8 )
( 4,4,3,8.0,16 )
( 5,6,6,11.0,23 )
( 7,8,5,14.0,29 )
( 1,1,1,1.0,2 )
( 4,3,5,8.0,16 )
( 6,5,3,11.0,23 )
( 1,0,0,1.0,3 )
( 7,7,4,10.0,21 )
( 1,1,2,2.0,4 )
( 4,6,6,12.0,25 )
( 4,4,2,8.0,16 )
( 3,2,2,3.0,6 )
( 3,2,2,3.0,6 )
( 1,1,1,1.0,3 )
( 2,2,1,6.0,13 )
( 5,4,2,9.0,18 )
( 7,8,6,13.0,26 )
( 2,2,2,3.0,7 )
( 2,1,2,3.0,6 )
( 5,3,1,7.0,15 )
( 5,3,1,7.0,15 )
( 6,6,4,8.0,17 )
( 6,8,4,11.0,22 )
( 7,4,4,9.0,19 )
( 7,4,4,9.0,19 )
( 2,3,1,5.0,11 )
( 2,1,2,3.0,6 )
( 5,3,4,6.0,12 )
( 2,2,2,5.0,11 )
( 2,2,2,5.0,11 )
( 8,7,5,12.0,24 )
( 3,2,3,5.0,10 )
( 3,5,2,8.0,17 )
( 4,4,3,8.0,17 )
( 5,5,3,8.0,17 )
( 7,8,4,14.0,29 )
( 8,6,4,11.0,22 )
( 3,2,2,4.0,8 )
( 6,6,4,11.0,22 )
( 7,5,5,11.0,22 )
( 8,9,7,14.0,28 )
( 5,6,3,8.0,16 )
( 2,1,0,4.0,9 )
( 1,2,2,3.0,7 )
( 7,7,7,10.0,20 )
( 2,2,1,5.0,10 )
( 4,3,2,6.0,12 )
( 2,2,2,5.0,10 )
( 4,3,3,8.0,17 )
( 4,4,4,8.0,17 )
( 7,8,5,13.0,26 )
( 7,7,4,10.0,20 )
( 1,2,2,5.0,10 )
( 1,0,1,2.0,4 )
( 3,2,2,5.0,11 )
( 5,5,3,10.0,21 )
( 4,3,7,11.0,22 )
( 6,7,6,11.0,22 )
( 6,8,3,14.0,29 )
( 6,3,5,8.0,16 )
( 3,7,2,11.0,23 )
( 0,0,0,1.0,3 )
( 4,5,3,7.0,14 )
( 5,8,5,10.0,20 )
( 1,2,1,2.0,5 )
( 2,2,0,4.0,8 )
( 6,10,6,13.0,26 )
( 3,5,3,7.0,15 )
( 4,6,4,8.0,16 )
( 3,3,3,8.0,17 )
( 2,4,4,9.0,19 )
( 6,9,5,13.0,26 )
( 3,3,3,4.0,8 )
( 5,7,3,10.0,20 )
( 2,3,3,5.0,11 )
( 4,5,4,11.0,23 )
( 4,3,3,9.0,19 )
( 4,5,4,5.0,10 )
( 2,2,2,4.0,8 )
( 4,3,3,7.0,14 )
( 4,3,3,7.0,14 )
( 7,5,5,12.0,24 )
( 4,5,2,8.0,16 )
( 4,5,3,9.0,19 )
( 3,6,4,10.0,21 )
( 3,2,2,6.0,13 )
( 1,1,1,1.0,3 )
( 1,1,1,1.0,3 )
( 4,6,5,9.0,18 )
( 3,3,3,9.0,19 )
( 3,6,2,8.0,17 )
( 5,5,4,11.0,22 )
( 5,5,4,11.0,22 )
( 5,4,4,9.0,18 )
( 8,6,7,14.0,28 )
( 2,1,1,2.0,4 )
( 2,1,1,2.0,4 )
( 4,8,4,14.0,28 )
( 5,6,6,14.0,29 )
